% Default.m
%  QUADRUPOLOS
%  ===========
qfa_strength	= 3.497480;
qda1_strength	= -2.722980;
qdb2_strength	= -2.980452;
qfb_strength	= 3.942337;
qdb1_strength	= -3.384768;
qf1_strength	= 2.289703;
qf2_strength	= 3.464985;
qf3_strength	= 2.592721;
qf4_strength	= 3.275030;


% primeira otimizacao feita no opa. Ponto inicial do MOGA
sfa_strength	= -18.735973;
sda_strength	=  25.748891;
sfb_strength	= -52.006908;
sdb_strength	=  67.257587;
sd1a_strength	=-153.945789;
sf1a_strength	= 194.414838;
sd2a_strength	= -80.931116;
sd3a_strength	=-149.313413;
sf2a_strength	= 121.138218;
sd1b_strength	=-158.398218;
sf1b_strength	= 243.515902;
sd2b_strength	=-117.109382;
sd3b_strength	=-161.865044;
sf2b_strength	= 180.271499;