% fr1436e1214_000416.m
%  QUADRUPOLOS
%  ===========
qfa_strength	= 3.501625670534101;
qda1_strength	= -2.70643896023375;
qdb2_strength	= -2.98165177546513;
qfb_strength	= 3.94386701555257;
qdb1_strength	= -3.369122123868352;
qf1_strength	= 2.283068839860731;
qf2_strength	= 3.466545249380189;
qf3_strength	= 2.598620907195018;
qf4_strength	= 3.25264861900015;
 
%  SEXTUPOLOS
%  ===========
sfa_strength	= -25.78574419090665;
sda_strength	= 23.19583074502165;
sfb_strength	= -36.59216190784120;
sdb_strength	= 54.1958809921335;
sd1a_strength	= -157.82859951984780;
sf1a_strength	= 187.59186741331775;
sd2a_strength	= -85.96165107630075;
sd3a_strength	= -135.26270756099825;
sf2a_strength	= 127.02066822496560;
sd1b_strength	= -136.33787493461925;
sf1b_strength	= 229.7684961400870;
sd2b_strength	= -118.61334739627105;
sd3b_strength	= -173.58966116826220;
sf2b_strength	= 202.5289939462155;
