% Default.m
%  QUADRUPOLOS
%  ===========
qfa_strength	= 3.497480;
qda1_strength	= -2.722980;
qdb2_strength	= -2.980452;
qfb_strength	= 3.952166;
qdb1_strength	= -3.384768;
qf1_strength	= 2.302892;
qf2_strength	= 3.455506;
qf3_strength	= 2.592721;
qf4_strength	= 3.275030;
 
%  SEXTUPOLOS
%  ===========
% nao foi feita a otimizacao nao linear ainda
sfa_strength	= -22.654177499289305;
sda_strength	= 22.743082032932090;
sfb_strength	= -55.35330091466905;
sdb_strength	= 57.33175496638485;
sd1a_strength	= -163.79865993826935;
sf1a_strength	= 182.15829011874230;
sd2a_strength	= -71.24537308432165;
sd3a_strength	= -139.90457573256595;
sf2a_strength	= 117.51371068804875;
sd1b_strength	= -144.6253475477775;
sf1b_strength	= 219.846706536985;
sd2b_strength	= -104.79800159711565;
sd3b_strength	= -134.93145667714790;
sf2b_strength	= 164.21327681482055;
