% Default.m
%  QUADRUPOLOS
%  ===========
qfa_strength	= 3.497480;
qda1_strength	= -2.722980;
qdb2_strength	= -2.980452;
qfb_strength	= 3.952166;
qdb1_strength	= -3.384768;
qf1_strength	= 2.302892;
qf2_strength	= 3.455506;
qf3_strength	= 2.592721;
qf4_strength	= 3.275030;
 
%  SEXTUPOLOS
%  ===========
% nao foi feita a otimizacao nao linear ainda
sfa_strength	= -22.654180;
sda_strength	=  22.743080;
sfb_strength	= -55.353300;
sdb_strength	=  57.331750;
sd1a_strength	=-163.812264;
sf1a_strength	= 193.495123;
sd2a_strength	= -80.581007;
sd3a_strength	=-147.084614;
sf2a_strength	= 144.593601;
sd1b_strength	=-156.587554;
sf1b_strength	= 223.817797;
sd2b_strength	=-108.971787;
sd3b_strength	=-138.164051;
sf2b_strength	= 176.759593;

