%% opt_2:

% qf_strength = 1.8821;
% qd_strength = 0.0;
% sf_strength = 6.331497;
% sd_strength = 0.0;

% 2014-10-29 ximenes
% with new segmented b model
% tunes corrected to [19.20475, 7.30744]
% chroms set to [0.5,0.5]
qf_strength = +1.882118628753756;
qd_strength = -0.883587030955089e-3;
sf_strength = 6.167352183794390; 
sd_strength = 2.989839869932359; 