%  QUADRUPOLOS
%  ===========

qfa_strength	=  4.331271834520;
qda_strength	= -2.720438819214;
qdb2_strength	= -2.702467046569;
qfb_strength	=  4.430048103785;
qdb1_strength	= -3.488905217117;
qf1_strength	=  3.001855430894;
qf2_strength	=  4.181227115362;
qf3_strength	=  3.526789974296;
qf4_strength	=  3.794996618349;

%  SEXTUPOLOS
%  ===========

sda_strength	= -22.330999;
sfa_strength	= 19.667121;
sdb_strength	= -15.547465;
sfb_strength	= 58.833849;

sd1_strength	= -172.355152;
sf1_strength	= 198.450589;
sd2_strength	= -94.317999;
sd3_strength	= -121.992177;
sf2_strength	= 139.639060;

sd6_strength	= -132.113249;
sf4_strength	= 227.373465;
sd5_strength	= -121.041312;
sd4_strength	= -172.947852;
sf3_strength	= 214.175203;



