%  QUADRUPOLOS
%  ===========
qfa_strength	=  4.337864157487;
qda_strength	= -2.721463396256;
qdb2_strength	= -2.679475658128;
qfb_strength	=  4.713411865067;
qdb1_strength	= -3.450435383080;
qf1_strength	=  3.002991760231;
qf2_strength	=  4.178862583989;
qf3_strength	=  3.530199631443;
qf4_strength	=  3.785698578969;

%  SEXTUPOLOS
%  ===========

sda_strength	= -22.330999;
sfa_strength	= 19.667121;
sdb_strength	= -15.547465;
sfb_strength	= 58.833849;

sd1_strength	= -172.355152;
sf1_strength	= 198.450589;
sd2_strength	= -94.317999;
sd3_strength	= -121.992177;
sf2_strength	= 139.639060;

sd6_strength	= -132.113249;
sf4_strength	= 227.373465;
sd5_strength	= -121.041312;
sd4_strength	= -172.947852;
sf3_strength	= 214.175203;



